ROFREQP = 2.508650e+11
RODUTYP = 1.000000e+00
ROFREQN = 2.526050e+11
RODUTYN = 1.000000e+00
TPDHL_CLK = 3.250000e-10
TPERIODR_P = 3.250000e-10
TPERIODF_P = 3.250000e-10
TPERIODR_N = 3.250000e-10
TPERIODF_N = 3.250000e-10
OUTPMAX = 2.792291e+00
OUTPMIN = 8.035566e-01
OUTP_P2P = 1.988734e+00
OUTNMAX = 2.792288e+00
OUTNMIN = 8.035855e-01
